 t(s)  VUs  req/s  MB/s    p50    p95    p99    max TTFB50 TTFB95 recv50 recv95 lista_KB  erro%  status
    0  243   58.9  0.29    140    265    283    293    139    145      0    128      9.3   0.00  200:1766
   30  493  171.0  1.12    141    284    288    298    139    145      0    141     12.0   0.00  200:5131
   60  500  225.6  1.83    151    285    290    375    139    145      2    142     15.1   0.00  200:6767
   90  500  221.6  2.16    268    357    517   1778    140    254     44    153     18.3   0.00  200:6647
  120  500  188.3  2.16    275   1050   1807   3937    141    754     78    250     21.6   0.00  200:5649
  150  500  218.4  2.86    269    398    550    849    140    257     67    166     24.9   0.00  200:6553
  180  500  210.5  3.09    273    599    813   1873    141    452     66    180     28.4   0.00  200:6315
  210  500  206.8  3.55    273    741   1236   1913    141    537    111    220     31.9   0.00  200:6203
  240  500  218.3  4.08    271    531    777   1491    140    384     94    156     35.2   0.00  200:6550
  270  500  208.8  4.16    272    480    657   1963    141    299     53    280     38.5   0.00  200:6263
  300  500  210.7  4.59    286    508    671   1102    141    246     89    313     41.8   0.00  200:6320
  330  500  208.3  5.00    405    661   1069   2067    140    415    166    305     45.1   0.00  200:6248
  360  500  113.8  3.26    398    428    435    445    139    145    264    285     47.8   0.00  200:3413
  390   17    0.1  0.02    271    387    398    400    138    141    133    252     50.2   0.00  200:2

Por endpoint (ms):
  filter_dates   n= 14761  p50=   140  p95=   417  p99=   800  max=  3338
  filter_name    n= 22002  p50=   140  p95=   417  p99=   788  max=  3623
  list_all       n= 37064  p50=   284  p95=   550  p99=   989  max=  3937
